%YAML:1.0
---
body_T_cam0: !!opencv-matrix
   rows: 4
   cols: 4
   dt: d
   data: [ 9.9720037065301570e-01, 5.1662257309436181e-02,
       -5.4059522187879225e-02, 1.0782788493489352e-01,
       4.4431849328750987e-02, 1.7210323048983323e-01,
       9.8407636330733528e-01, -5.9604994373507632e+00,
       6.0143424700588588e-02, -9.8372327878558252e-01,
       1.6932595560228703e-01, -2.8137570029962675e+00, 0., 0., 0., 1. ]
